# ozon layer readings between 1996 and 2004 for New Zealand
# original source: # source: https://seat.massey.ac.nz/personal/s.r.marsland/Code/Data/PNoz.dat
# dobson units, sulphur dioxide level value
0.3454     -0.0003
0.309     0.0016
0.3534     -0.0001
0.3346     0.0002
0.3464     -0.0001
0.3847     -0.0007
0.3734     -0.0005
0.3728     -0.0003
0.3735     -0.0003
0.3351     0.0003
0.2979     0.0004
0.3164     -0.0005
0.3532     -0.0007
0.3408     0.0001
0.3787     0.0003
0.3595     -0.0005
0.3866     -0.0002
0.3861     0.0002
0.3913     0.001
0.4122     0.0006
0.3939     -0.0011
0.4095     -0.0008
0.3872     -0.0001
0.3732     -0.0004
0.3442     -0.0001
0.3377     0.0
0.3205     -0.0007
0.3555     -0.0004
0.3681     -0.0001
0.3504     -0.0009
0.3841     -0.0013
0.4167     -0.0022
0.3714     -0.0002
0.357     -0.0001
0.3716     0.0001
0.3734     -0.0004
0.3871     -0.001
0.3917     -0.0004
0.3792     0.0002
0.3634     -0.0003
0.3622     -0.0007
0.327     -0.0005
0.3176     0.0
0.3235     -0.0008
0.3132     -0.0002
0.3589     -0.0009
0.3668     -0.0005
0.3577     0.0006
0.3591     -0.0004
0.383     -0.0013
0.3781     -0.0003
0.3731     -0.0005
0.3874     -0.0003
0.3636     0.0004
0.3712     -0.0007
0.4019     -0.0001
0.3756     -0.0004
0.3661     0.0002
0.3468     0.0009
0.3628     -0.0003
0.357     -0.0005
0.3616     -0.0009
0.33     -0.0002
0.3174     0.0006
0.3579     -0.0006
0.3668     -0.0006
0.381     -0.0002
0.3709     -0.0001
0.3746     -0.0001
0.422     -0.0004
0.3635     -0.0012
0.3254     -0.0003
0.3571     0.0004
0.3602     -0.0002
0.3822     -0.0009
0.3782     0.0
0.37     0.0003
0.35     0.0001
0.3477     -0.0003
0.4156     -0.001
0.3885     -0.0005
0.3915     0.0003
0.3412     0.0004
0.3192     0.0003
0.3545     0.0001
0.3716     -0.0004
0.3637     -0.0003
0.3433     0.0002
0.3481     -0.0001
0.3279     -0.0006
0.3175     0.0
0.3235     -0.0007
0.3682     -0.0008
0.3788     -0.0001
0.3795     -0.0005
0.3526     -0.0005
0.3522     -0.0003
0.3304     -0.0007
0.3482     -0.0005
0.3477     -0.0003
0.3498     -0.0007
0.3337     0.0001
0.3571     -0.0003
0.3616     -0.0005
0.3592     -0.0002
0.3541     0.0003
0.3541     -0.0001
0.34     0.0004
0.3682     -0.0001
0.3751     -0.0001
0.374     0.0005
0.3742     -0.0002
0.3449     -0.0002
0.3833     -0.0009
0.3658     -0.0006
0.3606     -0.0006
0.3356     -0.0004
0.344     -0.0001
0.3416     0.0
0.3313     -0.0003
0.3383     -0.001
0.3308     -0.0009
0.3208     -0.0002
0.3214     -0.0006
0.3467     0.0
0.3288     0.0008
0.3329     -0.0006
0.3101     0.0
0.3385     -0.0007
0.3258     0.0003
0.3585     -0.0003
0.325     0.0
0.3304     0.0002
0.3321     -0.0002
0.3174     0.0
0.3357     0.0006
0.3379     -0.0002
0.346     -0.0003
0.3347     -0.0006
0.3228     -0.0001
0.3049     0.0002
0.2983     0.0
0.2992     -0.0002
0.2981     0.0
0.2889     0.0
0.3071     -0.0004
0.295     -0.0004
0.3214     -0.001
0.3059     0.0001
0.2968     -0.0002
0.3071     0.0001
0.2806     0.0001
0.3425     -0.0003
0.287     0.0011
0.2841     0.0002
0.2889     0.0008
0.2922     -0.0006
0.2845     -0.0005
0.284     -0.0005
0.2782     -0.0004
0.2773     -0.0002
0.2613     -0.0004
0.2784     -0.0001
0.2835     -0.0006
0.2831     -0.0003
0.3132     -0.0002
0.3521     -0.0011
0.2958     0.0001
0.2941     0.0002
0.2921     -0.0005
0.274     -0.0002
0.2542     -0.0005
0.2724     0.0
0.2899     -0.0007
0.2734     -0.0004
0.306     -0.0011
0.3008     -0.0009
0.3099     -0.0006
0.2806     -0.0003
0.2898     -0.0004
0.3152     -0.0007
0.2917     -0.0004
0.2922     -0.0008
0.2669     0.0007
0.2716     0.0
0.2686     -0.0004
0.2724     -0.0005
0.2844     -0.0002
0.2791     -0.0006
0.287     -0.0005
0.2885     -0.0007
0.277     0.0
0.2755     -0.0005
0.2846     -0.0004
0.2878     -0.0005
0.2991     0.0001
0.2998     -0.0001
0.3053     -0.0004
0.2973     -0.0004
0.2826     -0.0009
0.2871     -0.0003
0.2699     -0.0007
0.2619     -0.0014
0.2749     -0.0001
0.2809     -0.0001
0.2818     -0.0002
0.2774     0.0
0.2658     -0.0002
0.2553     -0.0001
0.2547     -0.0003
0.2497     -0.0005
0.2459     -0.0001
0.2745     0.0003
0.2581     0.0
0.2854     -0.0004
0.2738     -0.0004
0.271     -0.0007
0.2653     0.0006
0.2807     -0.0004
0.2923     -0.0002
0.2803     -0.0002
0.2638     0.0003
0.2713     -0.0005
0.2777     -0.0009
0.2609     0.0
0.2432     0.0002
0.2614     -0.0004
0.2864     -0.0004
0.2643     -0.0005
0.2607     0.0011
0.2635     -0.0002
0.241     0.0002
0.2653     -0.0007
0.2646     -0.0004
0.255     0.0
0.2575     -0.0002
0.2644     0.0001
0.2663     -0.0008
0.2815     -0.0007
0.294     -0.0003
0.2941     -0.0006
0.2889     -0.0009
0.2865     -0.0006
0.2865     -0.0004
0.3002     -0.001
0.3065     0.0
0.2981     -0.0004
0.2788     -0.0012
0.27     -0.0004
0.2771     -0.0007
0.2801     -0.0008
0.2612     -0.0005
0.2592     -0.0009
0.2604     -0.0006
0.2556     -0.0007
0.2591     -0.0003
0.2635     -0.0006
0.2758     -0.0003
0.2613     -0.0001
0.2478     0.0002
0.28     -0.0004
0.2764     -0.0005
0.2796     0.0001
0.2828     0.0001
0.2737     0.0002
0.29     -0.0007
0.2764     -0.0001
0.2886     0.0
0.2776     -0.0003
0.2619     0.0
0.2773     -0.0006
0.2909     -0.0002
0.2864     -0.0001
0.2823     0.0004
0.2811     -0.0001
0.2897     -0.0009
0.2806     0.0001
0.2864     0.0001
0.284     0.0006
0.273     0.0002
0.2856     -0.0005
0.2572     0.0
0.2743     0.0
0.2868     -0.0002
0.2883     -0.0006
0.2849     -0.0006
0.2864     -0.0005
0.2794     -0.0005
0.2839     -0.0007
0.293     -0.0009
0.2648     -0.0004
0.2617     -0.0002
0.2661     -0.0002
0.2747     -0.0001
0.3071     -0.0013
0.3063     0.0001
0.3175     -0.0011
0.3149     -0.0002
0.2903     -0.0004
0.3002     -0.0005
0.281     -0.0006
0.2657     0.0002
0.2698     -0.0004
0.2529     -0.0001
0.2587     -0.0002
0.2672     -0.0001
0.2678     0.0002
0.2455     -0.0001
0.2549     -0.0008
0.2825     -0.001
0.2676     -0.0002
0.2737     -0.0002
0.2846     -0.0005
0.284     -0.0011
0.2787     -0.0007
0.2802     0.0
0.2846     0.0008
0.2831     -0.0005
0.2887     -0.0003
0.2921     -0.0006
0.2799     -0.0004
0.3045     -0.0004
0.2792     -0.0002
0.3018     -0.0007
0.309     -0.0001
0.2784     -0.0006
0.2935     -0.0012
0.2976     -0.0004
0.3096     -0.0002
0.296     0.0001
0.303     -0.0003
0.3292     -0.001
0.3086     -0.0005
0.2751     -0.0002
0.2889     0.0
0.2735     -0.0002
0.3097     -0.002
0.2897     -0.0007
0.3142     -0.0006
0.3088     -0.0004
0.3053     -0.0008
0.2979     -0.0011
0.2825     -0.0005
0.3091     -0.0002
0.3117     -0.0004
0.3151     -0.0004
0.3407     -0.0014
0.3026     -0.0009
0.2805     0.0002
0.2731     -0.0008
0.2936     -0.0003
0.2934     -0.0004
0.3124     -0.0004
0.3274     -0.0005
0.3284     -0.0006
0.34     -0.0007
0.3184     0.0001
0.3007     -0.0002
0.2902     -0.0009
0.2722     0.0
0.3104     -0.0001
0.326     -0.0003
0.345     0.0001
0.3503     -0.0003
0.3573     0.0001
0.3485     -0.0004
0.3262     0.0002
0.2958     -0.0007
0.2892     -0.0008
0.2784     -0.0005
0.2988     0.0001
0.3161     -0.0001
0.3355     0.0
0.3199     -0.0006
0.3356     -0.0007
0.3561     0.0001
0.3486     -0.0002
0.3579     -0.0001
0.3075     -0.0004
0.2929     -0.0005
0.2874     0.0003
0.2713     -0.0008
0.2505     -0.0005
0.2269     -0.001
0.2747     -0.0003
0.3302     0.0
0.3139     -0.0003
0.3502     -0.0006
0.3374     -0.001
0.3448     0.0001
0.3291     -0.0002
0.3291     -0.0001
0.3303     -0.0003
0.3385     0.0001
0.3324     -0.0004
0.3117     0.0001
0.326     -0.0002
0.3307     -0.0004
0.3295     0.0002
0.3042     -0.0002
0.418     -0.0017
0.3094     -0.001
0.3218     -0.0005
0.321     0.0001
0.344     -0.0006
0.351     -0.0007
0.3283     -0.0009
0.3154     -0.0002
0.3158     -0.0006
0.2866     0.0004
0.3148     0.0001
0.3222     -0.0002
0.3459     -0.001
0.3509     -0.0005
0.3384     -0.0001
0.3703     -0.0003
0.3379     -0.0005
0.3254     0.0004
0.3269     -0.0002
0.3158     0.0002
0.3566     0.0007
0.3457     -0.0006
0.3301     -0.0005
0.3188     -0.0003
0.3466     -0.0008
0.332     0.0005
0.3251     -0.0004
0.3215     -0.0009
0.3391     -0.0015
0.3218     -0.0003
0.3083     0.0001
0.3114     -0.0006
0.3344     0.0
0.3643     -0.0003
0.3369     0.0006
0.3522     0.0005
0.3313     -0.0003
0.3387     0.0001
0.3633     0.0001
0.341     -0.001
0.3557     -0.0004
0.3457     -0.0004
0.3353     0.0001
0.3292     -0.0006
0.3291     -0.0005
0.3271     0.0002
0.3336     -0.0001
0.3251     -0.0005
0.3273     -0.0003
0.367     0.0002
0.3383     -0.0004
0.3378     -0.0006
0.3445     0.0
0.3516     0.0001
0.3709     -0.0004
0.3275     -0.0008
0.3303     0.0002
0.2903     0.0006
0.3103     0.0007
0.324     -0.0004
0.3066     0.0
0.3199     -0.0001
0.323     -0.0006
0.3234     0.0005
0.308     0.0007
0.3209     0.0001
0.3027     0.0
0.3158     -0.0002
0.2984     -0.0005
0.3193     -0.0005
0.334     -0.0004
0.3231     0.0001
0.3284     0.0
0.3615     -0.0007
0.3413     -0.0008
0.3402     0.0004
0.3455     -0.0004
0.3283     -0.0004
0.3218     -0.0001
0.3223     -0.0007
0.3075     -0.0002
0.315     -0.0004
0.3307     -0.0014
0.3179     -0.0006
0.2998     -0.0001
0.2987     0.0
0.3032     -0.0007
0.2848     -0.0002
0.2716     0.0006
0.2898     -0.0006
0.3006     -0.0002
0.2936     0.0003
0.2992     0.0008
0.3034     -0.0002
0.3031     -0.0002
0.335     -0.0002
0.2887     0.0
0.283     0.0005
0.2908     0.0
0.2959     0.0
0.2891     0.0011
0.2888     -0.0001
0.277     -0.0002
0.2845     -0.0005
0.2801     -0.0002
0.2902     -0.0003
0.288     -0.0003
0.274     -0.0003
0.3007     -0.0004
0.2881     0.0012
0.2955     -0.0002
0.3112     -0.0007
0.3013     -0.0011
0.2847     0.0005
0.292     -0.0002
0.2832     0.0
0.271     0.0003
0.2686     0.0003
0.2828     0.0004
0.2814     0.0
0.2941     0.0
0.2969     0.0003
0.313     -0.0003
0.3023     0.0002
0.3012     0.0005
0.2982     -0.0009
0.2989     -0.0004
0.2821     0.0002
0.289     -0.0008
0.2842     0.0002
0.2867     -0.0004
0.2789     0.0006
0.2738     -0.0004
0.2873     -0.0012
0.2917     -0.0003
0.2964     -0.0007
0.2762     0.0001
0.264     0.0001
0.2858     -0.0003
0.273     0.0003
0.2649     -0.0003
0.2779     -0.0006
0.2795     0.0003
0.2865     -0.0003
0.2792     0.0
0.2867     0.0001
0.2709     -0.0005
0.2793     -0.0008
0.2701     0.0007
0.2785     -0.0008
0.2701     0.0003
0.2712     0.0005
0.2737     0.0
0.2675     -0.0009
0.2697     0.0005
0.2726     -0.0008
0.2749     -0.0001
0.2689     -0.0001
0.2849     -0.0012
0.264     0.0008
0.2664     0.0
0.2662     -0.0002
0.2499     -0.0009
0.2614     -0.0002
0.2664     -0.0001
0.2667     0.0001
0.2916     -0.0002
0.2755     -0.0006
0.3249     -0.0004
0.3025     -0.001
0.2854     -0.0007
0.2847     -0.0006
0.2764     -0.0001
0.2889     -0.0001
0.2922     -0.0002
0.2918     -0.0002
0.2918     -0.0009
0.286     -0.0006
0.2742     -0.0001
0.2839     -0.0001
0.2782     -0.0006
0.2787     -0.001
0.2689     0.0006
0.287     -0.0005
0.2795     -0.0004
0.2711     -0.0015
0.2611     0.0
0.2882     0.0004
0.2813     -0.0005
0.2771     -0.0004
0.2824     -0.0002
0.2898     -0.0008
0.2917     -0.0004
0.2817     0.0
0.2914     -0.0009
0.2697     0.0001
0.2555     -0.0008
0.2489     0.0002
0.2499     -0.0006
0.2646     -0.0007
0.2553     0.0005
0.258     -0.0013
0.2768     -0.001
0.276     -0.0006
0.2734     -0.0003
0.2976     -0.0006
0.2906     -0.001
0.2851     0.0001
0.2857     -0.0005
0.2694     -0.0007
0.2676     -0.0008
0.2583     -0.0008
0.2426     -0.0005
0.2728     -0.0015
0.2635     -0.0008
0.2733     -0.0014
0.2884     -0.0011
0.2649     -0.0004
0.2783     -0.0011
0.2711     -0.0002
0.2696     -0.0006
0.2783     -0.0003
0.2662     0.0
0.3056     -0.0011
0.2757     -0.0013
0.2802     -0.0012
0.257     -0.0003
0.2623     -0.0002
0.2619     -0.0008
0.2495     -0.0005
0.2474     -0.0004
0.2659     -0.0002
0.2523     -0.0005
0.2562     -0.0008
0.2594     -0.0003
0.2727     -0.001
0.2869     -0.0004
0.2936     -0.0011
0.2821     -0.0006
0.2673     -0.0012
0.2738     -0.0006
0.288     -0.0009
0.2791     -0.0001
0.2975     -0.0012
0.3194     -0.0009
0.2766     -0.0004
0.2703     -0.0003
0.2907     -0.001
0.2877     -0.0015
0.278     -0.0016
0.2819     -0.0009
0.2925     -0.0008
0.2921     -0.0005
0.2741     -0.0013
0.2823     0.0
0.2909     -0.0004
0.3046     -0.0003
0.2946     -0.0005
0.2916     -0.0005
0.3157     0.0003
0.3297     -0.0011
0.317     -0.0007
0.2796     -0.0008
0.2682     -0.0003
0.2957     -0.0012
0.2882     -0.0007
0.2855     -0.0007
0.3235     -0.0009
0.2914     -0.0003
0.266     -0.0013
0.2586     0.0005
0.2865     -0.0001
0.2728     -0.0004
0.2332     0.0001
0.2655     -0.0001
0.2727     -0.0013
0.2361     -0.0001
0.2275     -0.0003
0.2618     -0.0012
0.2584     -0.0003
0.2831     -0.001
0.2777     0.0002
0.3269     -0.0005
0.3312     -0.0009
0.3248     -0.0012
0.3047     -0.0009
0.3038     -0.0003
0.3297     -0.0007
0.3503     -0.0009
0.3434     -0.0008
0.3565     -0.0003
0.3604     -0.0006
0.3469     -0.0011
0.3332     -0.0011
0.3288     -0.0012
0.32     -0.0002
0.3633     -0.0008
0.3568     -0.0005
0.3619     -0.0012
0.3664     -0.0006
0.3668     -0.0015
0.3483     -0.0003
0.3418     0.0001
0.325     -0.0006
0.3103     -0.0004
0.3467     -0.0005
0.3676     -0.0016
0.3727     -0.0014
0.3315     -0.0004
0.3478     -0.0006
0.3456     -0.001
0.3506     -0.0011
0.3336     -0.0007
0.3434     0.0002
0.3487     -0.0007
0.3363     -0.0003
0.3274     -0.0009
0.3405     -0.0008
0.3396     -0.0008
0.3338     -0.0007
0.3356     -0.0008
0.3747     -0.0014
0.3293     -0.0005
0.2802     -0.0004
0.3084     -0.0005
0.329     -0.0012
0.3367     -0.0002
0.3734     -0.0005
0.3613     -0.0007
0.2872     -0.0011
0.3209     -0.0006
0.3242     0.0002
0.34     -0.0012
0.3327     -0.0015
0.3359     -0.0013
0.3356     0.0002
0.3299     0.0
0.3631     -0.0003
0.3445     -0.0003
0.38     -0.0005
0.3557     -0.0004
0.3733     -0.0008
0.3508     -0.0005
0.3465     -0.0008
0.3418     -0.0008
0.3805     -0.0005
0.3811     -0.0008
0.3519     -0.0007
0.3304     0.0
0.3511     -0.0007
0.3248     -0.0001
0.3308     -0.0006
0.3585     -0.0005
0.3246     0.0001
0.3736     -0.001
0.3139     -0.0009
0.3107     -0.0003
0.338     -0.0004
0.3721     -0.0012
0.3863     -0.0007
0.3326     -0.001
0.3368     -0.0008
0.3533     -0.0005
0.3727     -0.0005
0.3567     -0.0008
0.3298     -0.0003
0.3609     -0.0002
0.3584     -0.0009
0.3685     0.0
0.3503     -0.0008
0.3616     -0.0005
0.325     -0.0006
0.3702     -0.0001
0.3939     -0.0011
0.3781     -0.0014
0.3784     -0.0002
0.3794     -0.0008
0.3557     -0.0006
0.3259     0.0
0.3352     -0.0002
0.3433     -0.001
0.3401     0.0001
0.3472     -0.0006
0.3576     -0.0003
0.3641     0.0001
0.3516     -0.0009
0.3542     -0.0012
0.3416     -0.0005
0.3648     -0.0009
0.3656     -0.0009
0.3729     0.0002
0.3976     -0.0006
0.3588     -0.0006
0.3288     -0.0007
0.3394     -0.0005
0.3475     -0.0001
0.3423     -0.0005
0.3499     -0.0004
0.3698     -0.0009
0.3588     -0.0009
0.3621     -0.0005
0.3742     -0.0006
0.3722     -0.0007
0.3754     0.0006
0.3525     0.0003
0.3362     -0.0002
0.3527     0.0002
0.3632     0.0005
0.3668     -0.0009
0.3547     0.0002
0.3484     -0.0007
0.3396     0.0
0.336     -0.0007
0.3155     -0.0002
0.3614     -0.0001
0.346     0.0002
0.3663     -0.0002
0.3515     0.0001
0.3446     -0.0014
0.3325     -0.0005
0.3403     -0.001
0.3449     0.0005
0.3249     0.0007
0.3341     -0.0002
0.3298     -0.0011
0.3219     -0.0003
0.3283     0.0008
0.3153     -0.0001
0.3094     0.0005
0.3193     -0.0003
0.3388     -0.0002
0.3373     -0.0006
0.3297     -0.001
0.3295     -0.0007
0.3129     0.0
0.3165     -0.0009
0.3293     -0.0003
0.3453     -0.001
0.3359     -0.0005
0.3371     -0.0006
0.3512     -0.0013
0.3448     -0.0006
0.3291     -0.0002
0.302     -0.0004
0.3162     -0.0003
0.3125     -0.0001
0.3226     -0.0006
0.3222     -0.0002
0.3037     -0.0001
0.3155     -0.0003
0.3058     0.0004
0.314     -0.0003
0.3082     0.0004
0.3278     -0.0008
0.3158     0.0004
0.3413     -0.0001
0.3204     0.0002
0.3082     -0.0005
0.2813     0.0008
0.2702     -0.0007
0.2781     -0.0002
0.2745     -0.0001
0.2712     0.0
0.2827     -0.0004
0.2918     -0.0004
0.2897     -0.0004
0.2768     -0.0002
0.2877     -0.0001
0.284     -0.0003
0.266     -0.0002
0.28     -0.0003
0.2798     0.0
0.2873     -0.0005
0.2944     -0.0003
0.2818     0.0001
0.2772     0.0001
0.2636     -0.0001
0.26     -0.0001
0.2537     -0.0004
0.2724     -0.001
0.288     -0.0007
0.2851     -0.0003
0.2689     -0.0007
0.2658     0.0001
0.2767     -0.0006
0.2682     -0.0006
0.2706     -0.0008
0.2755     0.0
0.2921     -0.0001
0.2897     -0.0008
0.2832     -0.0002
0.2769     -0.0003
0.2721     -0.0004
0.2601     -0.0004
0.2657     -0.0004
0.2701     -0.0002
0.2679     -0.0004
0.2763     -0.0009
0.2855     -0.0011
0.274     -0.0005
0.267     -0.0002
0.256     0.0001
0.2638     0.0001
0.2588     -0.0005
0.2671     -0.0002
0.2666     -0.0005
0.2568     -0.0001
0.2544     -0.0001
0.2707     -0.001
0.2769     -0.0007
0.2751     -0.0009
0.2656     -0.001
0.2517     -0.0002
0.2731     -0.0004
0.273     -0.0009
0.2754     0.0011
0.2848     -0.0002
0.2938     -0.0006
0.3031     -0.0008
0.2941     -0.0011
0.2659     -0.0001
0.2628     -0.0004
0.2813     0.0002
0.2878     -0.0015
0.2714     -0.0003
0.2686     -0.0003
0.2687     0.0001
0.2701     -0.0008
0.2816     -0.0002
0.2853     -0.0009
0.281     -0.0003
0.2712     -0.0006
0.2718     -0.0007
0.2829     -0.001
0.2787     -0.0007
0.2612     -0.0005
0.2619     -0.0006
0.2541     0.0003
0.2588     0.0
0.2495     -0.0004
0.2697     -0.001
0.2591     -0.0008
0.2436     -0.0003
0.2351     -0.0009
0.2212     -0.0005
0.2335     -0.0009
0.2502     -0.0012
0.2513     -0.0005
0.2699     -0.0011
0.2698     -0.0013
0.2702     -0.0011
0.266     -0.0012
0.2537     -0.0009
0.2418     0.0004
0.2356     -0.0005
0.2493     -0.0007
0.2647     -0.0007
0.2817     -0.0007
0.2634     -0.0005
0.2692     -0.0015
0.2721     0.0
0.2691     0.0003
0.2988     0.0004
0.3702     -0.001
0.3074     -0.0011
0.2743     -0.0004
0.2745     -0.0013
0.2702     -0.0007
0.2698     -0.001
0.2847     -0.0013
0.2933     -0.0013
0.2817     -0.0014
0.2694     -0.0003
0.2918     -0.0016
0.2886     -0.0008
0.2873     -0.0014
0.2827     -0.0008
0.2835     -0.0004
0.2838     -0.0008
0.2989     -0.001
0.2986     -0.0019
0.2765     -0.001
0.3167     -0.001
0.2977     -0.0015
0.2743     -0.0016
0.273     -0.0006
0.2814     -0.0013
0.284     -0.0012
0.2695     0.0003
0.2578     -0.0009
0.2471     -0.0009
0.2423     -0.0008
0.2499     -0.0007
0.266     -0.0016
0.2725     -0.0012
0.28     -0.0006
0.2788     -0.0015
0.276     -0.0006
0.2728     -0.0009
0.2611     -0.0012
0.2524     -0.0013
0.2464     -0.0009
0.2331     0.0
0.2634     -0.0012
0.2624     -0.0001
0.3011     -0.0014
0.2455     0.0001
0.2603     -0.0008
0.2794     -0.0015
0.3179     -0.0012
0.3045     -0.001
0.3069     -0.0004
0.3206     -0.0013
0.2903     -0.0009
0.2893     -0.001
0.2958     -0.0004
0.2973     -0.0012
0.2948     -0.001
0.27     -0.001
0.2781     -0.0009
0.2906     -0.0005
0.2682     -0.0007
0.2759     -0.0009
0.3255     -0.0007
0.3201     -0.0016
0.313     -0.0011
0.3     -0.0011
0.3054     -0.0002
0.3045     -0.0014
0.3067     -0.0008
0.2993     -0.0004
0.2677     -0.0009
0.2634     -0.0006
0.2531     -0.0007
0.318     -0.0012
0.3348     -0.0009
0.3179     -0.0007
0.2952     -0.0012
0.2743     -0.0009
0.3209     -0.0014
0.299     -0.0002
0.3851     -0.0009
0.3084     -0.0016
0.3082     -0.0012
0.3142     -0.0007
0.3362     0.0001
0.2844     -0.0014
0.2893     -0.0007
0.3145     -0.0011
0.3264     -0.0011
0.3233     -0.001
0.3349     -0.0013
0.3058     -0.0007
0.2946     -0.0013
0.2777     -0.0009
0.2968     -0.0009
0.2994     -0.0002
0.3304     -0.0006
0.3141     -0.0005
0.3509     -0.0011
0.34     -0.0005
0.3038     -0.0006
0.3045     -0.0009
0.3177     -0.0006
0.4344     -0.0012
0.3326     -0.0014
0.2909     -0.0012
0.341     -0.0004
0.3269     -0.0013
0.3069     -0.0012
0.292     0.0005
0.3452     -0.0012
0.3521     -0.001
0.3574     -0.0005
0.4287     -0.0012
0.3599     -0.0016
0.3609     -0.0017
0.343     -0.0014
0.3412     -0.0017
0.3218     -0.0003
0.33     -0.0006
0.3413     -0.0009
0.3033     -0.0006
0.2883     -0.0007
0.3171     -0.0009
0.3069     -0.0012
0.3695     -0.0009
0.328     -0.001
0.3226     0.0002
0.3671     -0.001
0.3726     -0.0008
0.3609     -0.0012
0.3493     -0.0015
0.3564     -0.0013
0.3489     -0.0014
0.3348     -0.0007
0.341     -0.0011
0.3315     -0.0008
0.3256     -0.0005
0.3217     -0.0008
0.3201     -0.0011
0.3388     -0.0009
0.3255     -0.0004
0.3268     -0.0008
0.3456     -0.0003
0.3206     -0.001
0.3117     0.0001
0.3235     -0.0016
0.3183     -0.0012
0.3203     -0.0008
0.3358     -0.0007
0.3404     0.0001
0.3315     -0.0003
0.3335     -0.0008
0.3448     -0.001
0.3401     -0.0005
0.3624     -0.002
0.3212     -0.0008
0.2751     -0.0001
0.3038     -0.0009
0.3446     -0.0006
0.3388     -0.0016
0.3335     -0.0002
0.3488     -0.0005
0.3405     0.0001
0.3513     -0.0006
0.3796     -0.0003
0.3413     -0.0007
0.3182     -0.0002
0.3183     -0.0006
0.3162     -0.0005
0.3439     -0.0007
0.353     0.0001
0.342     -0.0004
0.3297     -0.0003
0.3332     0.0
0.3399     -0.0009
0.3215     -0.0007
0.3525     -0.0014
0.339     -0.0003
0.3366     -0.0003
0.3474     -0.0003
0.3609     -0.001
0.3814     -0.0009
0.3561     0.0001
0.352     -0.001
0.347     -0.0003
0.3439     -0.0005
0.3391     -0.0006
0.3344     -0.0001
0.346     -0.0006
0.3485     -0.0004
0.3455     -0.0009
0.3548     -0.0007
0.3495     -0.0001
0.3311     0.0001
0.3267     0.0009
0.3407     -0.0002
0.3254     -0.0005
0.3242     -0.0005
0.327     0.0004
0.3166     -0.0002
0.3151     -0.0009
0.3139     -0.0005
0.3223     -0.0007
0.3188     -0.0004
0.3303     -0.0007
0.3323     -0.0005
0.3368     -0.0015
0.3165     0.0
0.3055     0.0
0.3434     0.0001
0.3455     0.0004
0.3401     0.0001
0.3368     -0.0009
0.3371     0.0006
0.3363     -0.0008
0.3325     -0.0003
0.358     -0.0007
0.3569     -0.0011
0.3612     -0.0007
0.3368     -0.0006
0.3127     -0.0002
0.3196     0.0005
0.3344     0.0
0.3326     -0.0008
0.3297     -0.0005
0.3332     -0.0008
0.3301     0.0001
0.3352     -0.0005
0.3108     0.0001
0.308     -0.0008
0.311     -0.0006
0.304     -0.0009
0.3072     0.0001
0.3113     -0.0001
0.327     -0.0007
0.3273     -0.0008
0.3205     -0.0009
0.3133     -0.0011
0.2923     0.0
0.303     -0.0004
0.317     -0.0004
0.3091     -0.0011
0.2995     -0.0001
0.3039     -0.0008
0.3055     0.0002
0.284     -0.0006
0.2941     -0.0002
0.3268     -0.0004
0.3198     -0.001
0.3201     -0.0008
0.3078     -0.0009
0.2993     -0.0002
0.3407     -0.0008
0.3123     -0.0001
0.3014     -0.0009
0.3096     -0.0004
0.297     -0.0005
0.2848     -0.0006
0.2853     0.0001
0.2923     -0.0003
0.2946     -0.0002
0.2995     0.0002
0.3088     0.0001
0.2882     -0.0012
0.2957     0.0001
0.2988     -0.0002
0.2954     -0.001
0.3062     -0.0006
0.3012     -0.0009
0.2952     -0.0003
0.3031     -0.0011
0.2869     -0.0004
0.2786     -0.0002
0.279     -0.0003
0.2908     -0.0007
0.2991     -0.001
0.2916     -0.0004
0.2923     -0.0007
0.2803     -0.0003
0.2803     -0.0002
0.2838     0.0001
0.26     0.0
0.266     -0.0001
0.2607     -0.0004
0.275     -0.0001
0.2835     -0.0005
0.2806     -0.0005
0.2539     -0.0002
0.2888     -0.001
0.3001     -0.0004
0.2924     -0.0007
0.3027     -0.0003
0.2767     -0.0002
0.2757     0.0001
0.2798     0.0001
0.2683     -0.0009
0.2803     -0.0007
0.2695     -0.0008
0.2529     0.0006
0.28     -0.0005
0.2761     -0.0007
0.2672     0.0003
0.2674     0.0002
0.2741     -0.0001
0.2593     -0.0005
0.2586     -0.0004
0.276     -0.0008
0.2817     -0.0003
0.2797     -0.0002
0.2775     0.0
0.2794     -0.0006
0.2848     0.0002
0.2781     -0.0006
0.2615     0.0005
0.2693     0.0002
0.2835     -0.0011
0.2547     0.0
0.2804     -0.0006
0.2803     -0.0006
0.2855     -0.0011
0.2637     -0.0011
0.2773     -0.0003
0.2553     -0.0003
0.2686     -0.0013
0.2586     0.0
0.2733     -0.0007
0.2806     -0.0009
0.2818     -0.0004
0.2787     -0.0005
0.2675     -0.0004
0.2658     0.0005
0.2759     -0.001
0.2949     -0.0008
0.2697     -0.0005
0.2664     0.0
0.2692     -0.0015
0.2565     -0.0005
0.2469     -0.0005
0.2627     -0.0005
0.2641     0.0005
0.2859     -0.0011
0.2797     -0.0006
0.279     -0.0008
0.2717     -0.0011
0.2742     -0.0012
0.2629     -0.0011
0.261     -0.0008
0.2672     -0.001
0.2613     -0.001
0.2688     -0.0011
0.2537     0.0003
0.2589     -0.001
0.2713     -0.0017
0.2593     -0.0001
0.2775     -0.0003
0.2724     -0.0007
0.2588     -0.0009
0.2669     -0.001
0.2536     -0.001
0.2606     -0.0008
0.2672     -0.0008
0.2655     -0.0012
0.2779     -0.0015
0.269     -0.0007
0.2681     -0.0014
0.2625     -0.0006
0.2677     -0.0007
0.2555     -0.0004
0.2601     0.0003
0.282     -0.0017
0.2683     -0.0001
0.2874     -0.0017
0.2768     0.0007
0.298     -0.0012
0.3073     -0.001
0.2963     -0.0011
0.3037     -0.0008
0.3104     -0.0015
0.2734     -0.0005
0.2664     -0.0004
0.2553     -0.0008
0.2459     -0.0016
0.2431     -0.0011
0.2457     -0.0011
0.2566     -0.0007
0.2516     -0.001
0.2553     -0.0007
0.2536     -0.0011
0.25     -0.0011
0.2657     -0.002
0.2479     -0.0002
0.2454     -0.0009
0.2608     -0.0014
0.2567     -0.0012
0.2701     -0.0008
0.2967     -0.0006
0.2967     -0.0015
0.3113     -0.0017
0.2935     -0.0019
0.3061     -0.0008
0.3157     -0.0008
0.3107     -0.0007
0.3189     -0.0014
0.3091     -0.0012
0.2897     -0.0017
0.2951     -0.0015
0.2803     -0.0015
0.2655     -0.0014
0.246     -0.0004
0.2555     -0.0011
0.2642     -0.0007
0.291     -0.0009
0.2967     -0.0007
0.2837     -0.0009
0.3113     -0.0007
0.3082     -0.0017
0.2951     -0.0004
0.3529     -0.0006
0.3383     -0.0017
0.314     -0.0007
0.3307     -0.0004
0.3351     -0.0009
0.3676     -0.0016
0.3648     -0.0005
0.3285     -0.0017
0.3004     -0.0009
0.2869     -0.0008
0.2843     -0.0007
0.2788     -0.001
0.2724     -0.0016
0.2609     -0.0008
0.2744     -0.0008
0.3194     0.0
0.3218     -0.0018
0.3183     -0.0002
0.3304     -0.0018
0.3088     -0.0004
0.3013     -0.001
0.2906     -0.0008
0.307     -0.0005
0.3231     -0.0011
0.3235     -0.0014
0.3295     -0.0014
0.3101     -0.001
0.2939     -0.0012
0.2982     -0.0011
0.3017     -0.0014
0.3252     -0.0015
0.3201     -0.002
0.3158     -0.001
0.3175     -0.0016
0.3583     -0.0017
0.3594     -0.0018
0.3262     -0.0016
0.2996     -0.0009
0.305     -0.0015
0.3564     -0.0013
0.3705     -0.0019
0.3725     -0.0013
0.3539     -0.0014
0.3159     -0.0009
0.3223     -0.0009
0.3241     -0.0005
0.3458     -0.0011
0.3675     -0.0013
0.3423     -0.0005
0.3512     -0.0007
0.321     -0.0002
0.3402     -0.0006
0.3593     -0.0009
0.3487     -0.0007
0.3542     -0.0015
0.3523     -0.0006
0.3587     -0.0015
0.3604     -0.0008
0.3831     -0.0012
0.3821     -0.0009
0.3412     -0.0015
0.3056     -0.0012
0.2998     -0.0012
0.3383     -0.0014
0.3207     -0.0006
0.3412     -0.0018
0.3507     -0.0009
0.3407     -0.0011
0.3442     -0.001
0.3345     -0.0013
0.3426     0.0003
0.3471     -0.0012
0.3623     -0.0009
0.3726     -0.0009
0.38     -0.0015
0.3365     -0.0004
0.3865     -0.0003
0.3585     -0.0005
0.339     -0.0013
0.2952     0.0005
0.2739     0.0005
0.2895     -0.0007
0.3218     -0.0011
0.3223     -0.0004
0.3542     -0.0008
0.3629     -0.0005
0.3817     -0.0013
0.3752     -0.001
0.3652     -0.0007
0.3706     -0.001
0.3724     -0.001
0.3458     0.0001
0.3404     -0.0001
0.3196     -0.0012
0.3255     -0.0014
0.3279     -0.0003
0.3439     -0.0007
0.3116     -0.0005
0.3145     -0.0003
0.3634     -0.0016
0.3505     -0.0008
0.3538     -0.0006
0.328     -0.0011
0.3273     0.0
0.3538     0.0002
0.3365     0.0016
0.3775     -0.0008
0.3648     -0.0005
0.3665     -0.0003
0.3708     0.0005
0.3644     -0.0004
0.4008     -0.0007
0.368     -0.0006
0.3719     -0.0007
0.3789     -0.0003
0.3543     0.0001
0.3543     -0.0007
0.3507     -0.0004
0.3852     0.0001
0.3691     -0.0004
0.3674     -0.0008
0.3588     -0.0008
0.3677     -0.0007
0.3452     0.0005
0.3475     -0.0003
0.3717     -0.0005
0.3621     -0.0002
0.4094     -0.0002
0.387     -0.0021
0.3411     0.0002
0.3265     0.0
0.3479     0.0008
0.3556     -0.0001
0.3774     0.0003
0.3556     -0.0007
0.3343     -0.0003
0.3407     -0.0001
0.3646     -0.0001
0.3474     0.0006
0.3544     0.0004
0.346     -0.0009
0.3487     0.0004
0.3328     -0.0004
0.3437     -0.0006
0.3505     -0.0009
0.354     -0.0003
0.3541     0.0004
0.346     0.0004
0.3511     0.0005
0.3562     -0.0001
0.344     0.0002
0.328     0.0001
0.3529     0.0
0.3541     -0.0006
0.3471     0.0005
0.3437     0.0008
0.3509     -0.0003
0.3272     0.0001
0.3355     -0.0002
0.3345     0.0
0.3546     -0.0003
0.3673     0.0002
0.3451     -0.0003
0.3325     -0.0004
0.342     -0.0015
0.3501     -0.0006
0.3224     0.0003
0.3373     0.0003
0.3364     -0.001
0.3344     -0.0004
0.3265     -0.0005
0.3406     -0.0007
0.3157     -0.0001
0.3283     -0.0007
0.3236     0.0
0.329     -0.0005
0.3225     -0.001
0.2952     0.0014
0.291     0.0001
0.2936     -0.0004
0.2974     -0.0001
0.2902     0.0
0.3002     0.0001
0.2961     0.0009
0.315     0.0001
0.3017     -0.0002
0.2976     -0.0002
0.3122     0.0004
0.3179     -0.001
0.2895     0.0
0.2774     0.0022
0.2983     -0.0004
0.28     0.0006
0.2912     -0.0008
0.2824     -0.0018
0.2941     -0.0009
0.2937     -0.0017
0.294     -0.0006
0.2966     0.0002
0.2654     0.0013
0.296     -0.0008
0.2857     -0.0015
0.2826     -0.001
0.2841     -0.0013
0.2868     0.0004
0.2634     -0.0008
0.2812     -0.0006
0.2946     -0.0019
0.3184     -0.0003
0.2975     0.0002
0.3115     -0.0008
0.2886     -0.0007
0.2856     -0.0003
0.2865     -0.0006
0.2865     -0.0002
0.3031     -0.0014
0.2955     -0.0011
0.2936     0.0008
0.2843     0.0001
0.3028     -0.0009
0.2979     -0.0015
0.3226     -0.0015
0.3064     -0.0007
0.2941     -0.0005
0.3037     -0.001
0.3228     -0.0016
0.304     -0.0013
0.3016     0.0
0.2784     0.0
0.2766     -0.0005
0.2823     -0.0004
0.2745     -0.0009
0.2708     0.0004
0.2703     -0.0014
0.307     -0.0015
0.2909     -0.0009
0.3043     -0.0011
0.2857     -0.0008
0.2833     -0.0007
0.2925     -0.0008
0.3142     -0.0011
0.2782     -0.0016
0.2579     -0.0003
0.2699     -0.0002
0.2783     -0.0011
0.3024     -0.0016
0.3066     -0.0006
0.2998     -0.0006
0.2715     -0.0006
0.2523     -0.0007
0.2555     -0.0005
0.2727     -0.0015
0.2682     -0.0005
0.2488     0.0002
0.2546     -0.0014
0.2472     0.0001
0.2986     -0.0016
0.2716     -0.0008
0.2549     -0.002
0.2417     -0.0007
0.2428     0.0
0.2672     -0.0001
0.2775     -0.0006
0.2736     0.0005
0.2904     -0.0012
0.2767     -0.0011
0.2733     0.0002
0.2668     0.0009
0.2679     -0.0001
0.2779     -0.0005
0.2896     -0.0011
0.2844     -0.0004
0.2789     -0.0011
0.2752     -0.0003
0.2631     0.0006
0.292     -0.0015
0.2875     -0.0007
0.2946     -0.0012
0.2764     -0.0008
0.2739     0.0002
0.2767     0.0006
0.2809     -0.0003
0.2653     0.0012
0.2649     -0.0005
0.2801     0.0
0.2866     -0.0013
0.2862     -0.0015
0.2748     -0.0009
0.2881     -0.001
0.2715     -0.0011
0.2751     -0.0017
0.2562     -0.0002
0.2483     -0.0003
0.2314     -0.0002
0.2278     -0.0004
0.2585     -0.0016
0.2723     -0.0015
0.2798     -0.0004
0.258     -0.0006
0.248     -0.0003
0.2665     -0.0019
0.2944     -0.0007
0.2788     0.0002
0.2902     -0.0012
0.2719     -0.0005
0.2845     -0.0011
0.273     -0.0009
0.2809     0.0
0.276     -0.0003
0.2505     0.0014
0.2856     -0.0019
0.2838     -0.0013
0.2654     -0.0008
0.2566     -0.0005
0.2675     -0.001
0.2598     -0.0009
0.2581     -0.0002
0.2504     -0.0004
0.2683     -0.0006
0.2658     -0.0007
0.2732     -0.0006
0.2666     0.0003
0.2715     -0.0015
0.2678     -0.0009
0.253     0.0
0.2744     -0.0013
0.2644     -0.0005
0.2631     -0.0011
0.2602     -0.0014
0.2603     -0.0006
0.27     -0.0017
0.2756     -0.0009
0.273     -0.001
0.2798     -0.0008
0.2745     -0.0004
0.2805     -0.0001
0.2794     -0.0011
0.2829     -0.0006
0.2992     -0.0003
0.3027     -0.0006
0.2804     -0.001
0.2607     -0.0016
0.2899     -0.0007
0.3083     -0.0016
0.2859     -0.0011
0.2742     -0.0013
0.2878     0.0003
0.298     -0.0015
0.2966     -0.0014
0.2773     -0.0012
0.2856     0.0002
0.2867     -0.0022
0.2688     0.0004
0.2955     -0.003
0.3054     -0.0014
0.3319     -0.001
0.3121     -0.0005
0.3147     -0.0011
0.3238     -0.0012
0.3444     -0.0012
0.3579     -0.0015
0.3431     -0.0011
0.3418     -0.0004
0.3369     -0.0005
0.3375     -0.0003
0.3324     0.0009
0.3435     -0.0011
0.2969     -0.0001
0.3052     0.0
0.2865     0.0
0.3038     -0.0002
0.2994     -0.0006
0.2951     -0.0009
0.2761     -0.0008
0.2755     -0.0002
0.3071     -0.0002
0.2753     -0.0011
0.2909     -0.0011
0.2785     0.0005
0.3518     -0.0019
0.3508     0.0001
0.3609     0.0009
0.3537     0.0002
0.3463     -0.0007
0.3133     0.0
0.3228     -0.0008
0.4013     -0.0012
0.3778     -0.0004
0.3894     -0.0009
0.3587     -0.0008
0.3375     -0.0012
0.3168     -0.0002
0.3477     -0.0013
0.3091     -0.0001
0.3148     -0.0014
0.2788     0.0006
0.3153     -0.0009
0.3089     -0.0007
0.3211     -0.0009
0.3051     0.0007
0.3401     -0.0005
0.3132     0.0004
0.3254     0.0005
0.3567     -0.001
0.3365     0.0012
0.3578     -0.0009
0.3578     -0.0008
0.3721     -0.0007
0.3804     0.0004
0.3936     -0.0027
0.3431     0.0008
0.3469     -0.0021
0.3159     -0.0007
0.3283     -0.0009
0.3299     0.0009
0.3158     -0.0009
0.2699     0.0009
0.3005     0.0002
0.3168     -0.0001
0.3303     -0.0013
0.2937     -0.0005
0.312     -0.0009
0.3686     -0.0009
0.335     -0.0017
0.3357     -0.0019
0.3193     -0.002
0.3018     -0.0001
0.2993     -0.0006
0.3209     0.0
0.3685     -0.0018
0.4029     -0.003
0.3945     -0.0016
0.3598     -0.0005
0.3793     -0.0009
0.4383     -0.0027
0.4013     -0.0015
0.3462     -0.0012
0.3551     -0.0004
0.3887     -0.0016
0.3805     -0.0004
0.3162     -0.0003
0.3238     -0.0003
0.3423     -0.0007
0.3808     -0.0016
0.38     -0.0004
0.4336     -0.0036
0.4206     -0.0018
0.389     -0.0004
0.3826     -0.0013
0.3695     -0.0008
0.3655     -0.0008
0.3764     -0.0009
0.3538     -0.0013
0.3475     -0.0001
0.3456     0.0001
0.3343     -0.0009
0.3404     0.0009
0.3781     -0.0012
0.3055     -0.0004
0.3193     -0.0014
0.3272     0.0
0.328     -0.0004
0.34     -0.0011
0.3828     -0.0013
0.362     -0.0008
0.345     0.0001
0.3551     -0.0001
0.3237     0.0015
0.3505     0.0005
0.3578     -0.0002
0.328     0.0001
0.3468     -0.0009
0.3195     0.0015
0.3747     -0.0003
0.3409     -0.0007
0.3437     0.0001
0.3562     0.0016
0.3375     0.0004
0.3325     0.0007
0.3383     -0.0004
0.3266     -0.0001
0.3387     0.0025
0.3413     -0.0003
0.3056     0.0013
0.3245     -0.0007
0.3191     -0.0016
0.3164     0.0001
0.3487     -0.0005
0.3447     -0.0009
0.3665     -0.0012
0.3793     -0.0003
0.3719     -0.0006
0.3642     0.0008
0.3651     -0.0004
0.3517     0.0008
0.3263     -0.0004
0.353     -0.0011
0.3648     -0.001
0.3637     -0.0013
0.3414     0.0
0.342     -0.0002
0.3611     -0.0001
0.3656     -0.0005
0.3554     -0.001
0.3807     -0.0005
0.3585     -0.0008
0.3558     0.0005
0.3555     -0.0013
0.3287     -0.0009
0.3782     -0.0022
0.3383     -0.0002
0.3537     -0.0002
0.3621     -0.0012
0.3437     0.0005
0.3552     -0.0006
0.3741     -0.0013
0.3418     -0.0017
0.3373     -0.0014
0.3484     -0.0014
0.3551     0.0007
0.3259     -0.0001
0.3247     0.0008
0.3356     -0.0019
0.3215     0.0019
0.3178     -0.0013
0.3362     -0.0019
0.3579     -0.0021
0.3385     -0.0003
0.3544     -0.0013
0.3037     -0.0021
0.3117     -0.0014
0.3152     -0.0007
0.3329     -0.0006
0.3353     0.0001
0.3296     -0.0015
0.3134     -0.0016
0.3167     -0.0015
0.2892     -0.0003
0.2937     -0.0006
0.2813     -0.0012
0.2899     -0.0031
0.3108     -0.0022
0.2953     -0.0019
0.3107     -0.0015
0.3003     -0.0035
0.3091     -0.0019
0.312     -0.001
0.3059     -0.0006
0.3083     -0.0007
0.3491     -0.0036
0.286     -0.0004
0.3177     -0.0004
0.3135     -0.0004
0.2905     0.0009
0.2828     0.0005
0.2865     -0.0009
0.2797     -0.0005
0.2861     -0.0003
0.2911     -0.0004
0.2964     0.0001
0.2911     0.0001
0.3159     -0.0005
0.2988     -0.0016
0.3078     -0.0015
0.2968     -0.001
0.3045     -0.0039
0.2926     -0.001
0.3101     -0.0014
0.3142     -0.0015
0.3076     -0.0016
0.2913     -0.0012
0.2799     -0.0019
0.2782     -0.0016
0.2971     -0.0005
0.3263     -0.003
0.3177     -0.0015
0.318     -0.0023
0.2937     -0.0018
0.2914     -0.0012
0.3131     -0.0034
0.3051     -0.0026
0.3057     -0.0007
0.2987     -0.0009
0.2976     -0.0005
0.3002     -0.0008
0.2948     -0.0022
0.2942     -0.0007
0.2932     -0.0018
0.3077     -0.0018
0.3064     -0.0011
0.3039     -0.0012
0.2804     -0.0001
0.2785     -0.0009
0.2683     -0.0011
0.2867     -0.0012
0.2919     -0.0025
0.2789     -0.0002
0.2869     -0.0014
0.2823     -0.0012
0.2754     -0.0017
0.2766     -0.0007
0.2857     0.0007
0.2824     -0.0017
0.2698     -0.0012
0.2783     -0.0013
0.2821     -0.0013
0.3165     -0.002
0.2892     0.0001
0.3009     -0.0022
0.3052     -0.0017
0.2827     -0.0012
0.2734     -0.002
0.2767     0.0003
0.2908     -0.0015
0.3079     -0.0005
0.3066     -0.0014
0.2972     -0.0012
0.2946     -0.0014
0.2836     -0.001
0.2903     -0.0002
0.2945     -0.0011
0.3027     -0.0014
0.283     -0.0002
0.3013     -0.0012
0.2924     -0.0026
0.2917     -0.001
0.2782     -0.0012
0.2755     -0.0006
0.2811     -0.0014
0.2799     0.0001
0.2952     -0.003
0.2954     -0.0021
0.3005     -0.0027
0.293     -0.0001
0.2887     -0.0016
0.2841     -0.001
0.2765     -0.0019
0.2702     0.0
0.2838     -0.0015
0.2835     -0.0022
0.27     -0.0013
0.2694     -0.0005
0.2793     -0.0022
0.2991     -0.0022
0.2966     -0.0009
0.2959     -0.0011
0.3125     -0.0015
0.2907     -0.0012
0.2758     -0.0016
0.2629     -0.0005
0.258     0.0009
0.2761     0.0002
0.2694     -0.0019
0.2617     -0.0012
0.2682     -0.0008
0.2558     0.0001
0.2784     -0.0008
0.2853     -0.0016
0.2988     -0.0021
0.3049     0.0005
0.3604     -0.0001
0.3471     0.0014
0.3276     -0.0007
0.2847     -0.001
0.2806     -0.0011
0.3161     -0.003
0.3047     -0.0015
0.3435     -0.0039
0.3219     -0.0025
0.3     -0.0021
0.2886     -0.0019
0.2804     -0.0025
0.2687     -0.0016
0.2592     -0.0017
0.2718     -0.0013
0.3095     -0.0036
0.2958     -0.0022
0.2874     -0.0031
0.2804     -0.0022
0.2817     -0.0032
0.2822     -0.0026
0.2737     -0.003
0.2547     -0.0005
0.2688     -0.0021
0.2471     -0.0012
0.2415     -0.0011
0.2698     -0.0001
0.2994     -0.0031
0.3225     -0.0025
0.3166     -0.0039
0.3043     -0.0014
0.2936     -0.0002
0.2973     -0.0003
0.3236     -0.0025
0.3021     -0.0025
0.2947     -0.0032
0.2867     -0.0033
0.2984     -0.0009
0.2723     -0.0004
0.2694     -0.002
0.2682     -0.0024
0.2643     -0.0002
0.2669     -0.002
0.2472     -0.0005
0.2746     -0.0027
0.2931     -0.0019
0.2926     -0.0023
0.2894     -0.0023
0.2882     -0.0027
0.2835     -0.0011
0.2421     0.0002
0.2947     -0.0015
0.2922     -0.0004
0.3264     -0.0012
0.3532     -0.0027
0.378     -0.0019
0.2822     -0.0012
0.3337     -0.001
0.3552     -0.0024
0.296     -0.0016
0.3266     -0.0031
0.3118     -0.0019
0.3527     -0.0033
0.3033     -0.0011
0.291     -0.0031
0.274     -0.0018
0.3226     -0.0029
0.3158     -0.0029
0.292     -0.0025
0.264     -0.0022
0.3216     -0.0033
0.2937     -0.0027
0.3204     -0.0041
0.2954     -0.0031
0.3039     -0.0033
0.3182     -0.0022
0.3116     -0.0035
0.2987     -0.0027
0.3078     -0.0032
0.3398     -0.0027
0.3157     -0.0033
0.2816     -0.0014
0.3106     -0.0032
0.335     -0.003
0.3348     -0.0012
0.3163     -0.0007
0.286     -0.0002
0.3235     -0.0017
0.3298     -0.0006
0.3289     -0.0019
0.3152     -0.0002
0.3652     -0.0025
0.3541     -0.0014
0.3622     -0.0024
0.2965     -0.0012
0.3711     -0.0017
0.3438     -0.0022
0.3365     -0.0025
0.3746     -0.001
0.3463     -0.0023
0.3207     -0.0016
0.3355     -0.0029
0.3204     -0.0008
0.3504     -0.0035
0.3502     -0.0027
0.3526     -0.0025
0.3199     -0.0023
0.3574     -0.0037
0.3144     -0.0032
0.3572     -0.0039
0.3141     -0.0028
0.2786     -0.0037
0.3234     -0.003
0.3536     -0.0031
0.3542     -0.0024
0.3591     -0.0028
0.3483     -0.0027
0.3764     -0.0033
0.3612     -0.0033
0.342     -0.0031
0.3489     -0.0028
0.3486     -0.0038
0.343     -0.0033
0.3079     -0.003
0.3478     -0.0008
0.3714     -0.0017
0.398     -0.0003
0.3808     -0.0012
0.4176     -0.0026
0.4173     -0.0017
0.4141     -0.0012
0.3272     -0.0014
0.313     -0.0017
0.3442     -0.0027
0.3597     -0.0009
0.3696     -0.0017
0.384     -0.0012
0.4044     -0.0012
0.436     -0.0023
0.4071     -0.0013
0.4112     -0.0016
0.4202     -0.0013
0.4293     -0.0025
0.3696     -0.0018
0.338     -0.0013
0.312     -0.0003
0.3482     -0.0002
0.3516     -0.0013
0.3493     -0.0024
0.332     0.0
0.3459     -0.0017
0.3631     -0.0011
0.3275     -0.0007
0.352     -0.0005
0.3654     -0.0001
0.4056     -0.0017
0.3606     -0.0026
0.339     -0.0011
0.3331     -0.0012
0.3433     -0.0005
0.3169     -0.0009
0.3542     0.0001
0.3822     0.0008
0.3914     -0.0006
0.3579     -0.0017
0.3587     -0.0008
0.3574     -0.0015
0.382     0.0
0.3396     -0.0013
0.3573     0.0002
0.3561     0.0001
0.3401     0.0001
0.3828     -0.001
0.3716     0.0001
0.3365     -0.0008
0.3673     -0.0002
0.3297     -0.0012
0.3411     -0.0002
0.3219     0.0001
0.348     -0.0003
0.359     -0.0007
0.3352     -0.0005
0.3235     -0.0013
0.3299     -0.0008
0.3339     -0.0006
0.3627     -0.0013
0.3715     -0.001
0.3343     0.0003
0.3242     0.0006
0.3398     -0.0013
0.3266     -0.0009
0.3421     -0.0012
0.3452     -0.0004
0.3562     -0.0009
0.3583     -0.0003
0.3501     -0.0007
0.324     -0.0003
0.3152     -0.0002
0.3374     -0.0006
0.325     0.0001
0.3653     0.0001
0.3544     0.0
0.3506     -0.0009
0.326     0.0002
0.3315     -0.0012
0.3451     -0.0014
0.3367     -0.0001
0.3364     0.0003
0.3181     -0.0002
0.33     -0.0002
0.3284     0.0
0.324     0.0002
0.3188     -0.0008
0.3217     -0.0003
0.335     0.0011
0.359     0.0005
0.3264     -0.0001
0.3147     0.0005
0.3117     0.0001
0.3148     -0.0002
0.3546     -0.0009
0.3434     -0.0006
0.3237     -0.0005
0.3167     -0.0001
0.334     -0.0006
0.3249     0.0002
0.3482     -0.0019
0.3454     0.0001
0.3201     -0.0002
0.3238     0.0003
0.3029     0.0005
0.3229     -0.0011
0.3165     -0.0012
0.3135     -0.0003
0.3134     0.0004
0.3058     -0.0001
0.3062     -0.0006
0.3012     0.0
0.3006     -0.0003
0.2835     -0.0007
0.3221     -0.0003
0.3005     -0.0007
0.2902     0.0004
0.2836     0.0004
0.2766     -0.0003
0.319     0.0002
0.309     -0.0003
0.3106     -0.0002
0.3043     -0.0002
0.3186     0.0004
0.3187     0.0
0.3114     -0.0002
0.3087     0.0006
0.2953     0.0002
0.2848     -0.0007
0.2762     0.001
0.2913     -0.0002
0.2862     -0.0008
0.2999     -0.0006
0.3095     -0.0003
0.3027     -0.0014
0.3022     -0.0003
0.2927     0.0
0.2809     0.0
0.2781     0.0
0.2781     -0.0005
0.2799     0.0002
0.2848     -0.0005
0.2955     -0.0001
0.2891     -0.0001
0.274     0.0002
0.2902     -0.0013
0.291     -0.0013
0.2959     -0.0001
0.2919     -0.0002
0.308     -0.0006
0.3323     -0.0005
0.3063     -0.0016
0.2898     0.0
0.2982     0.0008
0.3025     -0.0003
0.2915     0.0
0.2949     -0.0005
0.2838     -0.0005
0.2839     -0.0017
0.3032     0.0002
0.3123     0.0
0.3233     -0.0013
0.3102     -0.0002
0.2696     0.0009
0.2956     -0.0007
0.2998     -0.0005
0.2788     -0.0001
0.2583     -0.0002
0.2552     0.0017
0.2718     -0.0014
0.2729     -0.0007
0.293     -0.0009
0.2751     -0.0015
0.2608     0.0001
0.2618     -0.0005
0.2614     0.0007
0.2601     -0.0004
0.277     -0.0004
0.2764     0.0001
0.2806     -0.0009
0.2678     0.0001
0.2934     0.0004
0.2848     -0.0013
0.2717     -0.0004
0.2678     -0.0005
0.2843     -0.0012
0.2724     -0.0013
0.3017     -0.0008
0.3248     0.0015
0.3143     -0.0021
0.2937     -0.0005
0.3253     -0.0024
0.2895     0.0001
0.2906     -0.0014
0.2742     -0.0007
0.2809     -0.0012
0.2623     -0.0009
0.2498     -0.0007
0.2438     -0.002
0.28     -0.0013
0.2637     -0.0008
0.2614     -0.0014
0.2691     -0.0016
0.2629     -0.0014
0.255     -0.0017
0.2578     -0.0019
0.2624     -0.0001
0.2914     -0.0032
0.2957     -0.001
0.2923     -0.0012
0.28     -0.002
0.2941     0.0001
0.2896     0.0003
0.3065     -0.002
0.2746     -0.0011
0.2582     -0.0015
0.2522     -0.001
0.2739     -0.002
0.2601     -0.0005
0.2631     -0.0019
0.2591     -0.0013
0.2544     -0.0025
0.2452     -0.0002
0.2573     -0.0019
0.2585     0.0006
0.2777     -0.0005
0.2761     -0.0009
0.2836     -0.0012
0.2768     -0.0019
0.2598     -0.0024
0.2511     -0.0016
0.2506     -0.002
0.254     -0.0021
0.2635     -0.0016
0.259     -0.0012
0.2483     -0.0027
0.263     -0.0011
0.2763     -0.001
0.2687     -0.0021
0.2801     -0.0014
0.2677     -0.0002
0.2778     -0.0031
0.2723     -0.0031
0.2706     -0.0015
0.2685     -0.0019
0.2756     -0.002
0.2721     -0.002
0.2675     -0.0014
0.2798     -0.0018
0.2801     -0.0017
0.2844     -0.0023
0.2793     -0.0024
0.2566     -0.0001
0.2658     -0.0039
0.254     -0.0027
0.2715     -0.003
0.2568     -0.0016
0.2475     -0.0017
0.2554     -0.0013
0.2716     -0.0021
0.2609     -0.0013
0.2893     -0.0028
0.2863     -0.0018
0.2719     -0.0023
0.2966     -0.0009
0.2833     -0.0029
0.2658     -0.001
0.3031     -0.0013
0.2952     -0.0024
0.3028     -0.0029
0.2823     -0.0025
0.2879     -0.0029
0.2912     -0.0023
0.307     -0.0036
0.343     -0.0037
0.3023     -0.0038
0.263     -0.0023
0.2707     -0.0022
0.309     -0.0033
0.2882     -0.0017
0.262     -0.0022
0.2645     -0.0014
0.3125     -0.0036
0.3215     -0.0031
0.323     -0.0033
0.305     -0.0015
0.3043     -0.0024
0.312     -0.0024
0.2859     -0.0022
0.3119     -0.0026
0.3243     -0.0017
0.3405     -0.0017
0.3255     -0.0016
0.3025     -0.0012
0.2844     -0.003
0.2586     -0.0016
0.29     -0.0037
0.2687     -0.0028
0.2742     -0.002
0.3091     -0.0015
0.3066     -0.0028
0.3018     -0.003
0.302     -0.0031
0.2948     -0.0029
0.2981     -0.0022
0.3088     -0.0012
0.3237     -0.003
0.3283     -0.0025
0.3088     -0.0013
0.313     -0.0031
0.3606     -0.0002
0.3475     -0.0027
0.3139     0.0001
0.3209     -0.0014
0.34     -0.001
0.3674     -0.0023
0.3681     -0.0031
0.3524     -0.0019
0.3429     -0.0028
0.3246     -0.0025
0.3509     -0.0017
0.3123     -0.0014
0.3157     -0.0023
0.3395     -0.0033
0.3245     -0.0027
0.3436     -0.0031
0.3377     -0.0023
0.3203     -0.0028
0.3161     -0.0029
0.2769     -0.0026
0.3137     -0.0026
0.3417     -0.0025
0.3016     -0.0007
0.3518     -0.0005
0.3577     -0.0018
0.3619     -0.0021
0.3578     -0.0022
0.3716     -0.0017
0.337     -0.001
0.3539     -0.0018
0.3774     -0.0026
0.3424     -0.0028
0.3463     -0.002
0.3541     -0.003
0.3446     -0.0001
0.3694     -0.0012
0.3516     -0.0022
0.3527     -0.0021
0.3709     -0.0012
0.3794     -0.0013
0.3558     -0.0017
0.3178     -0.0009
0.3584     -0.0021
0.3389     -0.0011
0.351     -0.0023
0.3406     -0.0014
0.3422     -0.0001
0.3639     -0.0008
0.388     -0.0012
0.3646     -0.0001
0.3694     -0.0028
0.3147     -0.0008
0.3327     -0.0014
0.3479     -0.0002
0.3588     -0.0001
0.3777     -0.0016
0.3615     -0.0012
0.3419     -0.0009
0.3712     -0.0013
0.376     -0.0005
0.3217     -0.0021
0.3714     -0.0013
0.3825     -0.0012
0.3749     -0.0021
0.4015     -0.002
0.4093     -0.0023
0.4112     -0.0011
0.4034     -0.001
0.395     -0.0017
0.3627     -0.0007
0.3544     -0.0008
0.3634     -0.0015
0.349     -0.0009
0.3739     -0.0034
0.3861     -0.0025
0.3513     0.0016
0.3453     -0.0004
0.3583     0.0003
0.3888     -0.0022
0.3516     -0.0011
0.3685     -0.0019
0.318     -0.0006
0.3407     -0.0013
0.3552     0.0008
0.3475     -0.0017
0.3433     -0.0007
0.3843     -0.0008
0.3483     0.0023
0.3852     -0.0004
0.3612     -0.0004
0.3401     0.0003
0.4003     -0.0028
0.419     -0.0025
0.3906     -0.0008
0.4007     -0.0007
0.3779     0.0004
0.3683     0.0001
0.3677     0.0
0.3775     -0.0016
0.3562     -0.0006
0.4044     -0.001
0.3874     -0.0019
0.3801     -0.0017
0.3542     0.0021
0.3585     -0.0005
0.3504     0.0001
0.3443     0.0003
0.3554     0.0004
0.3385     -0.0009
0.3487     -0.0002
0.357     -0.0003
0.3525     0.0
0.3521     -0.0004
0.3621     -0.0018
0.338     -0.0005
0.3355     0.0002
0.3637     -0.0012
0.3393     -0.0002
0.3397     0.0021
0.3458     0.0008
0.3631     0.0003
0.3573     -0.0007
0.3563     0.0005
0.3453     -0.0006
0.3529     -0.001
0.3236     0.0025
0.3427     -0.0003
0.3442     -0.0009
0.3442     0.0002
0.3341     0.0012
0.3273     -0.0006
0.3411     0.0004
0.3274     0.0002
0.3239     -0.0003
0.3026     0.0006
0.3186     -0.0003
0.3273     -0.0008
0.3164     0.0001
0.3195     -0.0016
0.311     0.0002
0.3136     -0.0013
0.3034     -0.0009
0.3046     0.0006
0.307     0.0003
0.3138     -0.0006
0.3312     0.0004
0.3049     0.0011
0.2838     0.0011
0.2817     -0.0006
0.2872     0.0009
0.2872     0.0007
0.2973     -0.0011
0.2971     -0.0006
0.2831     0.0014
0.284     -0.0001
0.2906     0.0003
0.2935     0.0024
0.3012     -0.0001
0.3232     0.0005
0.3001     -0.001
0.2888     0.0001
0.2886     0.0006
0.3047     0.0022
0.2894     0.0005
0.2944     0.003
0.2924     -0.0003
0.3196     0.0008
0.2984     0.0012
0.2994     0.001
0.2837     0.002
0.3054     -0.0006
0.2978     0.0
0.3141     0.001
0.2921     -0.0001
0.2786     0.0007
0.2779     -0.0002
0.2735     0.0004
0.2722     0.0006
0.2762     0.0035
0.2763     0.0015
0.2631     0.001
0.2609     0.0006
0.2834     -0.0006
0.2654     0.0001
0.278     -0.0008
0.2865     -0.0003
0.2784     -0.0005
0.2985     -0.0008
0.2817     0.0001
0.2733     0.0
0.2468     0.0006
0.2527     0.0001
0.3054     -0.0007
0.3019     0.0003
0.2814     0.0012
0.2857     -0.0007
0.2954     -0.0021
0.2842     -0.0002
0.2937     -0.0004
0.2728     0.0017
0.2851     -0.0008
0.2709     -0.0001
0.2767     0.0004
0.2804     -0.0008
0.2664     0.0
0.2681     0.0003
0.2878     0.0009
0.2806     -0.0012
0.285     0.0
0.2755     -0.0002
0.2688     0.0013
0.3034     -0.0032
0.2969     -0.0005
0.2879     -0.0019
0.2755     0.0015
0.29     -0.0011
0.2932     -0.0021
0.2996     0.0008
0.3326     -0.0004
0.3083     -0.0007
0.3183     0.0012
0.2821     -0.0005
0.284     -0.0002
0.3283     -0.0006
0.2748     0.0001
0.255     -0.0003
0.2535     0.0015
0.2848     -0.0009
0.2947     -0.0008
0.2784     0.0
0.2512     0.0003
0.2499     0.0002
0.2611     -0.0014
0.2603     -0.0004
0.2853     0.0006
0.3026     0.0002
0.2741     -0.0014
0.272     -0.001
0.2685     0.0
0.2656     -0.0013
0.2376     -0.0011
0.2542     -0.0021
0.2431     0.0006
0.2756     -0.0005
0.2881     -0.0006
0.2897     -0.0011
0.2949     -0.0027
0.2922     -0.0008
0.286     0.0015
0.2814     -0.0019
0.2964     -0.0003
0.3036     -0.0012
0.2686     0.0004
0.2601     0.0015
0.2648     -0.0014
0.2634     -0.0001
0.2752     -0.0035
0.2899     -0.0028
0.2707     -0.0018
0.2762     -0.0009
0.3088     -0.0007
0.3042     -0.0009
0.2595     -0.0009
0.252     -0.0009
0.2754     -0.0025
0.2628     0.0008
0.2741     -0.0022
0.2801     -0.0032
0.2802     -0.0006
0.3205     -0.0016
0.3265     0.0007
0.2725     -0.0001
0.3045     -0.0014
0.2685     -0.0001
0.2869     0.0
0.2914     -0.0015
0.281     -0.0005
0.2735     -0.0017
0.2636     0.0011
0.2563     0.0002
0.2668     -0.0026
0.2589     -0.002
0.2575     -0.0022
0.2408     -0.0016
0.2541     0.0
0.2321     -0.001
0.2385     -0.0017
0.2436     -0.0019
0.2475     0.0005
0.2439     -0.0012
0.2518     -0.0006
0.2705     -0.0022
0.2639     0.0003
0.2663     -0.0015
0.234     0.0003
0.2271     -0.0003
0.2501     0.0005
0.2815     -0.0035
0.267     -0.0016
0.2783     -0.0016
0.2746     -0.0001
0.2859     -0.0025
0.2714     -0.0024
0.2542     -0.0027
0.237     -0.0008
0.2252     -0.0014
0.2509     -0.0009
0.2792     -0.0023
0.3004     -0.0019
0.2949     -0.0026
0.29     -0.002
0.2905     -0.0027
0.2946     -0.0006
0.3011     -0.0034
0.2904     -0.0017
0.2842     -0.0032
0.2878     -0.0016
0.2587     -0.0008
0.2783     -0.0013
0.2724     -0.0026
0.2512     -0.0021
0.2523     -0.0011
0.2886     -0.0025
0.323     -0.0031
0.3536     -0.0023
0.2917     -0.0008
0.322     -0.0021
0.2921     -0.0008
0.2619     -0.0004
0.2794     -0.0008
0.3208     -0.0012
0.3037     -0.0032
0.3126     -0.0026
0.3029     -0.0023
0.3028     -0.0026
0.2776     -0.0017
0.2888     -0.0025
0.3009     -0.0031
0.2982     -0.0016
0.28     0.0002
0.2925     -0.0013
0.2969     -0.0006
0.2643     -0.0008
0.2776     -0.0013
0.2526     -0.001
0.2932     -0.0014
0.316     -0.0026
0.3015     -0.0032
0.2944     -0.0018
0.3018     -0.0029
0.2743     0.0001
0.2568     -0.0011
0.3227     -0.0017
0.272     -0.0026
0.2874     -0.0014
0.2946     -0.0026
0.303     -0.0034
0.3213     -0.0022
0.297     -0.0018
0.2688     -0.001
0.2676     -0.0016
0.2982     -0.0019
0.3514     -0.0035
0.3188     -0.0023
0.3248     -0.0024
0.3346     -0.0022
0.3251     -0.0023
0.3247     -0.0021
0.3026     -0.0011
0.296     -0.0013
0.326     -0.0013
0.3026     -0.0017
0.3049     -0.003
0.3588     -0.0022
0.3145     -0.0007
0.3211     -0.0018
0.3604     -0.0031
0.3127     -0.0021
0.3064     -0.0022
0.3195     -0.002